'F1': (205, 97, 42, 28),
'F2': (279, 85, 36, 23),
'F3': (339, 69, 36, 22),
'F4': (249, 127, 43, 35),
'F5': (326, 109, 39, 27),
'F6': (391, 85, 38, 33),
'F7': (310, 157, 48, 40),
'F8': (386, 135, 41, 37),
'F9': (452, 116, 37, 34),
'L1': (193, 275, 30, 31),
'L2': (184, 206, 28, 41),
'L3': (183, 136, 25, 40),
'L4': (235, 318, 29, 28),
'L5': (228, 247, 36, 39),
'L6': (220, 161, 42, 50),
'L7': (279, 360, 33, 37),
'L8': (277, 283, 39, 49),
'L9': (273, 206, 46, 47),
'D1': (334, 213, 54, 50),
'D2': (407, 184, 44, 42),
'D3': (473, 162, 38, 40),
'D4': (329, 293, 49, 38),
'D5': (400, 265, 43, 36),
'D6': (463, 235, 31, 34),
'D7': (333, 365, 42, 30),
'D8': (394, 330, 39, 29),
'D9': (445, 304, 36, 28),
